972
32069
12348
22610
30149
14451
6446
14179
5888
1888
12030
30798
10344
22846
20182
9142
1484
6112
10665
1046
3090
23589
24786
6239
1882
20694
11083
1777
10826
22364
3814
13605
7948
1884
25420
25692
13955
22745
10135
16799
16004
29489
3865
16361
21760
10377
27039
19431
21663
23387
6192
8094
6455
6819
4325
23948
23406
2561
23277
8015
21191
7956
31002
21236
14104
25836
10693
3275
1840
17846
28655
31308
3113
4817
22639
16588
12669
17884
32129
7620
2329
12438
16130
17535
20443
4745
9323
5819
7117
12129
21235
1299
7965
20459
8020
19477
6452
10092
28443
13525
28467
11488
